1
1
1
1
1
0
1
2
0;-1;-1;-1;-1;-1;-1;-1;-1;-1;-1;-1;-1;-1;-1;-1;-1;-1;-1;-1
-1;-1;-1;-1;-1;-1;-1;-1;-1;-1;-1;-1;-1;-1;-1;-1;-1;-1;-1;-1;-1;-1;-1;-1;-1;-1;-1;-1;-1;-1;32767;1672121812;21881;4;4;624;0;624;0;624;0;68;8;0;0;4;5;7;15;1996320;0;4093472;0;4093472;0;16;0;144;0;8
-1;-1;-1;-1;-1;-1;-1;-1;-1;-1;-1;-1;-1;-1;-1;32767;1672121812;21881;4;4;624;0;624;0;624;0;68;8;0;0;4;5;7;15;1996320;0;4093472;0;4093472;0;16;0;144;0;8;0;0;4;-907250736;1;1;32767;1696177008;21881;68425562;32563;1696144176;21881;1696152416;21881
